장변\단변 (mm),50,100,150,200,250,300,350,400,450,500,550,600,650,700,750,800,850,900,950,1000,1050,1100,1150,1200,1250,1300,1350,1400,1450,1500,1550,1600,1650,1700,1750,1800,1900,2000,2050,2100,2200,2300,2400,2500,2600,2700,2800,2900,3000,3100,3200,3300,3400,3500,3600,3700,3800,3900,4000,4100,4200,4300,4400,4500,4600,4700,4800,4900,5000
50,54.7,76.2,91.3,103.4,113.6,122.5,130.4,137.7,144.3,150.5,156.3,161.8,167.0,171.9,176.6,181.1,185.4,189.6,193.6,197.5,201.2,204.9,208.4,211.9,215.2,218.5,221.7,224.8,227.8,230.8,233.7,236.6,239.4,242.1,244.8,247.5,252.6,257.6,260.1,262.5,267.2,271.7,276.1,280.5,284.7,288.8,292.8,296.7,300.6,304.3,308.0,311.6,315.2,318.6,322.0,325.4,328.7,331.9,335.1,338.3,341.4,344.4,347.4,350.4,353.3,356.2,359.0,361.8,364.6
100,76.2,109.3,133.2,152.3,168.5,182.7,195.3,206.8,217.3,227.1,236.3,244.9,253.1,260.8,268.2,275.3,282.1,288.6,294.9,301.0,306.9,312.6,318.2,323.6,328.8,333.9,338.9,343.8,348.5,353.2,357.7,362.2,366.5,370.8,375.0,379.1,387.2,394.9,398.7,402.5,409.8,416.8,423.7,430.4,437.0,443.4,449.6,455.7,461.6,467.5,473.2,478.8,484.3,489.7,495.0,500.2,505.3,510.3,515.3,520.1,524.9,529.7,534.3,538.9,543.4,547.9,552.3,556.6,560.9
150,91.3,133.2,164.0,188.9,210.0,228.5,245.1,260.1,274.0,286.8,298.8,310.2,320.8,331.0,340.7,349.9,358.8,367.4,375.6,383.6,391.2,398.7,405.9,413.0,419.8,426.5,432.9,439.3,445.5,451.5,457.5,463.3,468.9,474.5,480.0,485.3,495.8,505.9,510.8,515.6,525.1,534.3,543.2,552.0,560.4,568.7,576.8,584.7,592.4,600.0,607.4,614.6,621.8,628.7,635.6,642.3,649.0,655.5,661.9,668.2,674.4,680.5,686.5,692.5,698.3,704.1,709.8,715.4,720.9
200,103.4,152.3,188.9,218.6,244.1,266.4,286.4,304.7,321.5,337.0,351.6,365.3,378.3,390.6,402.3,413.5,424.3,434.7,444.6,454.2,463.6,472.6,481.3,489.8,498.1,506.1,514.0,521.7,529.1,536.5,543.6,550.6,557.5,564.2,570.8,577.3,589.9,602.0,608.0,613.8,625.2,636.3,647.1,657.6,667.8,677.8,687.5,697.0,706.3,715.4,724.3,733.1,741.6,750.0,758.3,766.4,774.3,782.2,789.9,797.5,804.9,812.3,819.5,826.6,833.7,840.6,847.5,854.2,860.9
250,113.6,168.5,210.0,244.1,273.3,299.1,322.2,343.3,362.8,380.8,397.7,413.7,428.7,443.0,456.6,469.7,482.2,494.2,505.8,516.9,527.7,538.2,548.4,558.2,567.8,577.1,586.3,595.1,603.8,612.3,620.6,628.7,636.6,644.4,652.1,659.6,674.2,688.3,695.1,701.9,715.1,727.9,740.4,752.5,764.4,775.9,787.1,798.1,808.9,819.4,829.7,839.8,849.7,859.4,868.9,878.3,887.5,896.5,905.4,914.2,922.8,931.3,939.6,947.9,956.0,964.0,971.9,979.7,987.4
300,122.5,182.7,228.5,266.4,299.1,327.9,354.0,377.7,399.6,420.0,439.1,457.0,474.0,490.2,505.5,520.3,534.4,548.0,561.0,573.7,585.9,597.7,609.2,620.3,631.1,641.7,652.0,662.0,671.8,681.4,690.7,699.9,708.9,717.7,726.3,734.7,751.2,767.1,774.9,782.5,797.4,811.9,825.9,839.6,852.9,865.9,878.6,891.0,903.1,914.9,926.5,937.9,949.0,959.9,970.7,981.2,991.5,1001.7,1011.7,1021.6,1031.3,1040.8,1050.2,1059.5,1068.6,1077.6,1086.5,1095.3,1103.9
350,130.4,195.3,245.1,286.4,322.2,354.0,382.6,408.8,433.0,455.5,476.6,496.5,515.3,533.2,550.2,566.6,582.2,597.3,611.8,625.8,639.3,652.4,665.1,677.5,689.5,701.2,712.6,723.7,734.6,745.2,755.5,765.7,775.6,785.4,794.9,804.3,822.5,840.2,848.7,857.2,873.7,889.7,905.3,920.4,935.2,949.5,963.6,977.3,990.7,1003.8,1016.6,1029.2,1041.5,1053.6,1065.4,1077.1,1088.5,1099.8,1110.8,1121.7,1132.4,1143.0,1153.4,1163.6,1173.7,1183.7,1193.5,1203.1,1212.7
400,137.7,206.8,260.1,304.7,343.3,377.7,408.8,437.3,463.6,488.1,511.1,532.8,553.4,572.9,591.5,609.3,626.5,642.9,658.8,674.1,688.9,703.2,717.1,730.6,743.8,756.5,769.0,781.2,793.0,804.6,816.0,827.1,838.0,848.6,859.1,869.3,889.2,908.5,917.9,927.1,945.2,962.7,979.7,996.2,1012.3,1028.0,1043.3,1058.3,1072.9,1087.2,1101.2,1114.9,1128.4,1141.6,1154.5,1167.2,1179.7,1192.0,1204.1,1216.0,1227.6,1239.2,1250.5,1261.7,1272.7,1283.5,1294.2,1304.8,1315.2
450,144.3,217.3,274.0,321.5,362.8,399.6,433.0,463.6,491.9,518.4,543.2,566.6,588.7,609.8,630.0,649.2,667.7,685.5,702.7,719.2,735.2,750.7,765.8,780.4,794.6,808.5,821.9,835.1,847.9,860.5,872.8,884.8,896.5,908.1,919.4,930.5,952.0,972.9,983.0,993.0,1012.5,1031.4,1049.8,1067.7,1085.1,1102.1,1118.7,1134.9,1150.7,1166.1,1181.3,1196.1,1210.6,1224.9,1238.9,1252.6,1266.1,1279.4,1292.4,1305.2,1317.9,1330.3,1342.5,1354.6,1366.5,1378.2,1389.8,1401.2,1412.4
500,150.5,227.1,286.8,337.0,380.8,420.0,455.5,488.1,518.4,546.6,573.1,598.1,621.9,644.5,666.0,686.7,706.5,725.6,743.9,761.7,778.9,795.5,811.6,827.3,842.6,857.4,871.9,886.0,899.8,913.3,926.4,939.3,952.0,964.3,976.5,988.4,1011.5,1033.9,1044.7,1055.5,1076.4,1096.7,1116.4,1135.6,1154.3,1172.5,1190.3,1207.6,1224.6,1241.2,1257.4,1273.3,1288.9,1304.1,1319.1,1333.9,1348.3,1362.5,1376.5,1390.3,1403.8,1417.1,1430.2,1443.2,1455.9,1468.5,1480.8,1493.0,1505.1
550,156.3,236.3,298.8,351.6,397.7,439.1,476.6,511.1,543.2,573.1,601.2,627.8,653.0,677.1,700.0,722.0,743.1,763.4,782.9,801.8,820.1,837.9,855.1,871.8,888.0,903.8,919.3,934.3,949.0,963.4,977.4,991.1,1004.6,1017.8,1030.7,1043.4,1068.1,1091.9,1103.5,1114.9,1137.2,1158.9,1179.9,1200.3,1220.3,1239.7,1258.6,1277.1,1295.1,1312.8,1330.1,1347.0,1363.6,1379.9,1395.9,1411.6,1427.0,1442.1,1457.0,1471.6,1486.0,1500.2,1514.2,1527.9,1541.5,1554.9,1568.0,1581.0,1593.9
600,161.8,244.9,310.2,365.3,413.7,457.0,496.5,532.8,566.6,598.1,627.8,655.9,682.5,707.9,732.2,755.4,777.7,799.2,819.9,840.0,859.3,878.1,896.3,914.0,931.2,948.0,964.4,980.3,995.9,1011.1,1026.0,1040.5,1054.8,1068.8,1082.5,1095.9,1122.1,1147.3,1159.6,1171.7,1195.4,1218.3,1240.6,1262.3,1283.4,1304.0,1324.0,1343.6,1362.7,1381.5,1399.8,1417.7,1435.3,1452.6,1469.5,1486.1,1502.4,1518.4,1534.2,1549.7,1565.0,1580.0,1594.8,1609.4,1623.7,1637.9,1651.8,1665.6,1679.2
650,167.0,253.1,320.8,378.3,428.7,474.0,515.3,553.4,588.7,621.9,653.0,682.5,710.6,737.3,762.8,787.2,810.7,833.4,855.2,876.3,896.7,916.5,935.7,954.4,972.5,990.2,1007.4,1024.2,1040.7,1056.7,1072.4,1087.8,1102.8,1117.6,1132.0,1146.2,1173.8,1200.5,1213.4,1226.2,1251.2,1275.4,1298.9,1321.7,1344.0,1365.7,1386.9,1407.5,1427.7,1447.5,1466.8,1485.7,1504.3,1522.5,1540.3,1557.8,1575.0,1591.9,1608.6,1624.9,1641.0,1656.8,1672.4,1687.8,1702.9,1717.9,1732.6,1747.1,1761.4
700,171.9,260.8,331.0,390.6,443.0,490.2,533.2,572.9,609.8,644.5,677.1,707.9,737.3,765.2,792.0,817.6,842.2,866.0,888.9,911.0,932.4,953.2,973.4,993.0,1012.0,1030.6,1048.7,1066.4,1083.6,1100.5,1117.0,1133.1,1148.9,1164.4,1179.6,1194.5,1223.5,1251.5,1265.2,1278.6,1304.8,1330.2,1354.9,1379.0,1402.4,1425.2,1447.4,1469.1,1490.3,1511.1,1531.4,1551.3,1570.8,1589.9,1608.6,1627.0,1645.1,1662.9,1680.3,1697.5,1714.4,1731.0,1747.4,1763.5,1779.4,1795.1,1810.6,1825.8,1840.8
750,176.6,268.2,340.7,402.3,456.6,505.5,550.2,591.5,630.0,666.0,700.0,732.2,762.8,792.0,819.9,846.7,872.4,897.2,921.1,944.3,966.7,988.4,1009.5,1030.0,1049.9,1069.4,1088.3,1106.8,1124.9,1142.5,1159.8,1176.7,1193.2,1209.5,1225.4,1241.0,1271.4,1300.7,1315.0,1329.0,1356.5,1383.1,1409.0,1434.2,1458.7,1482.5,1505.8,1528.6,1550.8,1572.5,1593.8,1614.6,1635.0,1655.0,1674.6,1693.9,1712.8,1731.4,1749.7,1767.7,1785.4,1802.8,1820.0,1836.9,1853.5,1869.9,1886.1,1902.0,1917.8
800,181.1,275.3,349.9,413.5,469.7,520.3,566.6,609.3,649.2,686.7,722.0,755.4,787.2,817.6,846.7,874.5,901.3,927.2,952.1,976.2,999.6,1022.2,1044.2,1065.6,1086.4,1106.7,1126.5,1145.8,1164.6,1183.0,1201.1,1218.7,1236.0,1252.9,1269.5,1285.8,1317.5,1348.1,1363.0,1377.7,1406.4,1434.2,1461.2,1487.5,1513.1,1538.0,1562.3,1586.1,1609.3,1632.0,1654.2,1675.9,1697.2,1718.1,1738.6,1758.7,1778.5,1797.9,1817.0,1835.8,1854.2,1872.4,1890.3,1907.9,1925.3,1942.4,1959.3,1976.0,1992.4
850,185.4,282.1,358.8,424.3,482.2,534.4,582.2,626.5,667.7,706.5,743.1,777.7,810.7,842.2,872.4,901.3,929.2,956.0,981.9,1007.0,1031.3,1054.9,1077.7,1100.0,1121.6,1142.7,1163.3,1183.4,1203.0,1222.1,1240.9,1259.3,1277.2,1294.9,1312.2,1329.1,1362.1,1394.0,1409.5,1424.8,1454.7,1483.7,1511.8,1539.2,1565.8,1591.8,1617.1,1641.8,1666.0,1689.6,1712.7,1735.4,1757.5,1779.3,1800.6,1821.6,1842.2,1862.4,1882.3,1901.8,1921.0,1940.0,1958.6,1977.0,1995.1,2012.9,2030.5,2047.8,2064.9
900,189.6,288.6,367.4,434.7,494.2,548.0,597.3,642.9,685.5,725.6,763.4,799.2,833.4,866.0,897.2,927.2,956.0,983.8,1010.7,1036.7,1061.9,1086.3,1110.1,1133.1,1155.6,1177.5,1198.8,1219.7,1240.0,1259.9,1279.4,1298.5,1317.2,1335.5,1353.4,1371.0,1405.3,1438.4,1454.6,1470.5,1501.5,1531.6,1560.8,1589.2,1616.9,1643.9,1670.2,1695.9,1721.0,1745.5,1769.6,1793.1,1816.2,1838.8,1860.9,1882.7,1904.1,1925.1,1945.7,1966.0,1986.0,2005.7,2025.0,2044.1,2062.9,2081.4,2099.7,2117.7,2135.4
950,193.6,294.9,375.6,444.6,505.8,561.0,611.8,658.8,702.7,743.9,782.9,819.9,855.2,888.9,921.1,952.1,981.9,1010.7,1038.5,1065.4,1091.5,1116.7,1141.3,1165.2,1188.5,1211.1,1233.2,1254.8,1275.9,1296.5,1316.7,1336.5,1355.8,1374.8,1393.4,1411.7,1447.2,1481.5,1498.3,1514.7,1546.9,1578.1,1608.4,1637.9,1666.6,1694.5,1721.8,1748.5,1774.5,1799.9,1824.9,1849.2,1873.2,1896.6,1919.6,1942.2,1964.3,1986.1,2007.5,2028.6,2049.3,2069.7,2089.7,2109.5,2129.0,2148.2,2167.1,2185.8,2204.2
1000,197.5,301.0,383.6,454.2,516.9,573.7,625.8,674.1,719.2,761.7,801.8,840.0,876.3,911.0,944.3,976.2,1007.0,1036.7,1065.4,1093.2,1120.1,1146.2,1171.6,1196.3,1220.3,1243.7,1266.6,1288.9,1310.7,1332.0,1352.9,1373.3,1393.3,1413.0,1432.2,1451.1,1487.9,1523.4,1540.7,1557.7,1591.0,1623.3,1654.6,1685.2,1714.8,1743.8,1772.0,1799.6,1826.5,1852.9,1878.7,1903.9,1928.7,1952.9,1976.7,2000.1,2023.0,2045.5,2067.7,2089.5,2110.9,2132.0,2152.8,2173.3,2193.4,2213.3,2232.9,2252.2,2271.2
1050,201.2,306.9,391.2,463.6,527.7,585.9,639.3,688.9,735.2,778.9,820.1,859.3,896.7,932.4,966.7,999.6,1031.3,1061.9,1091.5,1120.1,1147.8,1174.8,1200.9,1226.4,1251.2,1275.4,1299.0,1322.0,1344.5,1366.5,1388.0,1409.1,1429.8,1450.1,1469.9,1489.4,1527.4,1564.1,1581.9,1599.5,1633.9,1667.3,1699.7,1731.2,1761.9,1791.8,1820.9,1849.4,1877.3,1904.5,1931.1,1957.2,1982.8,2007.8,2032.4,2056.6,2080.3,2103.5,2126.4,2148.9,2171.1,2192.9,2214.3,2235.5,2256.3,2276.8,2297.1,2317.0,2336.7
1100,204.9,312.6,398.7,472.6,538.2,597.7,652.4,703.2,750.7,795.5,837.9,878.1,916.5,953.2,988.4,1022.2,1054.9,1086.3,1116.7,1146.2,1174.8,1202.5,1229.4,1255.7,1281.2,1306.1,1330.4,1354.1,1377.3,1400.0,1422.2,1443.9,1465.2,1486.1,1506.6,1526.7,1565.9,1603.7,1622.1,1640.3,1675.7,1710.1,1743.5,1776.0,1807.7,1838.5,1868.6,1898.0,1926.7,1954.8,1982.3,2009.2,2035.6,2061.4,2086.8,2111.7,2136.1,2160.2,2183.8,2207.0,2229.8,2252.3,2274.5,2296.3,2317.8,2338.9,2359.8,2380.4,2400.7
1150,208.4,318.2,405.9,481.3,548.4,609.2,665.1,717.1,765.8,811.6,855.1,896.3,935.7,973.4,1009.5,1044.2,1077.7,1110.1,1141.3,1171.6,1200.9,1229.4,1257.1,1284.1,1310.4,1336.0,1361.0,1385.4,1409.3,1432.6,1455.4,1477.8,1499.7,1521.2,1542.3,1563.0,1603.3,1642.3,1661.3,1679.9,1716.5,1751.9,1786.3,1819.8,1852.4,1884.2,1915.2,1945.4,1975.0,2003.9,2032.2,2060.0,2087.1,2113.8,2139.9,2165.6,2190.8,2215.5,2239.8,2263.8,2287.3,2310.5,2333.3,2355.7,2377.9,2399.7,2421.2,2442.4,2463.3
1200,211.9,323.6,413.0,489.8,558.2,620.3,677.5,730.6,780.4,827.3,871.8,914.0,954.4,993.0,1030.0,1065.6,1100.0,1133.1,1165.2,1196.3,1226.4,1255.7,1284.1,1311.8,1338.8,1365.1,1390.8,1415.9,1440.4,1464.4,1487.8,1510.8,1533.4,1555.5,1577.2,1598.4,1639.9,1679.9,1699.4,1718.7,1756.2,1792.6,1828.0,1862.5,1896.0,1928.7,1960.6,1991.7,2022.2,2051.9,2081.1,2109.6,2137.6,2165.0,2191.8,2218.2,2244.2,2269.6,2294.7,2319.3,2343.5,2367.3,2390.8,2413.9,2436.7,2459.1,2481.2,2503.1,2524.6
1250,215.2,328.8,419.8,498.1,567.8,631.1,689.5,743.8,794.6,842.6,888.0,931.2,972.5,1012.0,1049.9,1086.4,1121.6,1155.6,1188.5,1220.3,1251.2,1281.2,1310.4,1338.8,1366.5,1393.5,1419.8,1445.5,1470.7,1495.3,1519.4,1543.0,1566.2,1588.9,1611.1,1633.0,1675.5,1716.7,1736.7,1756.5,1795.0,1832.5,1868.8,1904.2,1938.7,1972.3,2005.0,2037.0,2068.3,2098.9,2128.8,2158.1,2186.9,2215.0,2242.7,2269.8,2296.4,2322.6,2348.3,2373.6,2398.5,2423.0,2447.1,2470.9,2494.3,2517.4,2540.1,2562.5,2584.6
1300,218.5,333.9,426.5,506.1,577.1,641.7,701.2,756.5,808.5,857.4,903.8,948.0,990.2,1030.6,1069.4,1106.7,1142.7,1177.5,1211.1,1243.7,1275.4,1306.1,1336.0,1365.1,1393.5,1421.1,1448.1,1474.5,1500.3,1525.5,1550.3,1574.5,1598.2,1621.5,1644.3,1666.7,1710.4,1752.6,1773.1,1793.4,1833.0,1871.4,1908.7,1945.0,1980.4,2014.9,2048.5,2081.3,2113.4,2144.8,2175.6,2205.7,2235.2,2264.1,2292.4,2320.3,2347.6,2374.5,2400.9,2426.9,2452.4,2477.6,2502.3,2526.7,2550.8,2574.4,2597.8,2620.8,2643.5
1350,221.7,338.9,432.9,514.0,586.3,652.0,712.6,769.0,821.9,871.9,919.3,964.4,1007.4,1048.7,1088.3,1126.5,1163.3,1198.8,1233.2,1266.6,1299.0,1330.4,1361.0,1390.8,1419.8,1448.1,1475.8,1502.8,1529.2,1555.1,1580.4,1605.2,1629.5,1653.3,1676.7,1699.7,1744.4,1787.7,1808.7,1829.5,1870.1,1909.5,1947.7,1984.9,2021.2,2056.6,2091.0,2124.7,2157.6,2189.8,2221.4,2252.2,2282.5,2312.1,2341.2,2369.8,2397.8,2425.4,2452.5,2479.1,2505.3,2531.1,2556.5,2581.5,2606.1,2630.4,2654.4,2678.0,2701.2
1400,224.8,343.8,439.3,521.7,595.1,662.0,723.7,781.2,835.1,886.0,934.3,980.3,1024.2,1066.4,1106.8,1145.8,1183.4,1219.7,1254.8,1288.9,1322.0,1354.1,1385.4,1415.9,1445.5,1474.5,1502.8,1530.4,1557.5,1583.9,1609.8,1635.2,1660.1,1684.5,1708.4,1731.9,1777.7,1822.0,1843.6,1864.8,1906.4,1946.7,1985.9,2024.0,2061.2,2097.4,2132.7,2167.2,2201.0,2233.9,2266.2,2297.8,2328.8,2359.2,2389.0,2418.3,2447.0,2475.3,2503.0,2530.3,2557.2,2583.6,2609.6,2635.2,2660.5,2685.4,2709.9,2734.1,2757.9
1450,227.8,348.5,445.5,529.1,603.8,671.8,734.6,793.0,847.9,899.8,949.0,995.9,1040.7,1083.6,1124.9,1164.6,1203.0,1240.0,1275.9,1310.7,1344.5,1377.3,1409.3,1440.4,1470.7,1500.3,1529.2,1557.5,1585.1,1612.1,1638.6,1664.6,1690.0,1714.9,1739.4,1763.5,1810.3,1855.6,1877.7,1899.5,1942.0,1983.2,2023.3,2062.3,2100.4,2137.4,2173.6,2208.9,2243.4,2277.2,2310.2,2342.6,2374.3,2405.4,2435.9,2465.9,2495.3,2524.2,2552.6,2580.6,2608.1,2635.1,2661.8,2688.0,2713.8,2739.3,2764.4,2789.2,2813.6
1500,230.8,353.2,451.5,536.5,612.3,681.4,745.2,804.6,860.5,913.3,963.4,1011.1,1056.7,1100.5,1142.5,1183.0,1222.1,1259.9,1296.5,1332.0,1366.5,1400.0,1432.6,1464.4,1495.3,1525.5,1555.1,1583.9,1612.1,1639.7,1666.8,1693.3,1719.3,1744.8,1769.8,1794.4,1842.3,1888.5,1911.1,1933.4,1976.8,2019.0,2060.0,2099.9,2138.8,2176.7,2213.6,2249.8,2285.1,2319.6,2353.4,2386.5,2418.9,2450.8,2482.0,2512.6,2542.7,2572.3,2601.3,2629.9,2658.0,2685.7,2713.0,2739.8,2766.3,2792.3,2818.0,2843.3,2868.3
1550,233.7,357.7,457.5,543.6,620.6,690.7,755.5,816.0,872.8,926.4,977.4,1026.0,1072.4,1117.0,1159.8,1201.1,1240.9,1279.4,1316.7,1352.9,1388.0,1422.2,1455.4,1487.8,1519.4,1550.3,1580.4,1609.8,1638.6,1666.8,1694.4,1721.5,1748.0,1774.0,1799.6,1824.7,1873.6,1920.8,1943.9,1966.6,2011.0,2054.1,2096.0,2136.7,2176.4,2215.2,2253.0,2289.9,2325.9,2361.2,2395.8,2429.6,2462.8,2495.3,2527.2,2558.5,2589.3,2619.5,2649.2,2678.4,2707.2,2735.5,2763.3,2790.7,2817.8,2844.4,2870.7,2896.6,2922.1
1600,236.6,362.2,463.3,550.6,628.7,699.9,765.7,827.1,884.8,939.3,991.1,1040.5,1087.8,1133.1,1176.7,1218.7,1259.3,1298.5,1336.5,1373.3,1409.1,1443.9,1477.8,1510.8,1543.0,1574.5,1605.2,1635.2,1664.6,1693.3,1721.5,1749.1,1776.1,1802.7,1828.8,1854.4,1904.2,1952.5,1976.0,1999.2,2044.5,2088.5,2131.3,2172.9,2213.4,2253.0,2291.5,2329.2,2366.1,2402.1,2437.4,2472.0,2505.8,2539.0,2571.6,2603.6,2635.0,2665.9,2696.2,2726.1,2755.4,2784.3,2812.8,2840.8,2868.4,2895.6,2922.5,2948.9,2975.0
1650,239.4,366.5,468.9,557.5,636.6,708.9,775.6,838.0,896.5,952.0,1004.6,1054.8,1102.8,1148.9,1193.2,1236.0,1277.2,1317.2,1355.8,1393.3,1429.8,1465.2,1499.7,1533.4,1566.2,1598.2,1629.5,1660.1,1690.0,1719.3,1748.0,1776.1,1803.7,1830.8,1857.4,1883.5,1934.3,1983.5,2007.6,2031.2,2077.4,2122.3,2165.9,2208.4,2249.7,2290.1,2329.5,2367.9,2405.5,2442.3,2478.3,2513.6,2548.1,2582.0,2615.3,2647.9,2680.0,2711.5,2742.5,2773.0,2802.9,2832.4,2861.5,2890.1,2918.3,2946.0,2973.4,3000.4,3027.1
1700,242.1,370.8,474.5,564.2,644.4,717.7,785.4,848.6,908.1,964.3,1017.8,1068.8,1117.6,1164.4,1209.5,1252.9,1294.9,1335.5,1374.8,1413.0,1450.1,1486.1,1521.2,1555.5,1588.9,1621.5,1653.3,1684.5,1714.9,1744.8,1774.0,1802.7,1830.8,1858.4,1885.5,1912.1,1963.9,2014.0,2038.5,2062.6,2109.7,2155.5,2199.9,2243.2,2285.4,2326.6,2366.7,2405.9,2444.3,2481.8,2518.5,2554.5,2589.7,2624.3,2658.2,2691.5,2724.3,2756.4,2788.0,2819.1,2849.7,2879.7,2909.4,2938.6,2967.3,2995.6,3023.6,3051.1,3078.3
1750,244.8,375.0,480.0,570.8,652.1,726.3,794.9,859.1,919.4,976.5,1030.7,1082.5,1132.0,1179.6,1225.4,1269.5,1312.2,1353.4,1393.4,1432.2,1469.9,1506.6,1542.3,1577.2,1611.1,1644.3,1676.7,1708.4,1739.4,1769.8,1799.6,1828.8,1857.4,1885.5,1913.0,1940.1,1992.9,2044.0,2068.9,2093.5,2141.4,2188.1,2233.4,2277.5,2320.5,2362.4,2403.3,2443.3,2482.4,2520.6,2558.1,2594.7,2630.7,2665.9,2700.5,2734.4,2767.8,2800.6,2832.8,2864.5,2895.6,2926.3,2956.5,2986.3,3015.6,3044.5,3073.0,3101.1,3128.8
1800,247.5,379.1,485.3,577.3,659.6,734.7,804.3,869.3,930.5,988.4,1043.4,1095.9,1146.2,1194.5,1241.0,1285.8,1329.1,1371.0,1411.7,1451.1,1489.4,1526.7,1563.0,1598.4,1633.0,1666.7,1699.7,1731.9,1763.5,1794.4,1824.7,1854.4,1883.5,1912.1,1940.1,1967.7,2021.4,2073.4,2098.8,2123.8,2172.6,2220.1,2266.3,2311.2,2355.0,2397.7,2439.3,2480.1,2519.9,2558.8,2597.0,2634.3,2670.9,2706.8,2742.1,2776.7,2810.6,2844.0,2876.9,2909.1,2940.9,2972.2,3003.0,3033.3,3063.1,3092.6,3121.6,3150.2,3178.5
1900,252.6,387.2,495.8,589.9,674.2,751.2,822.5,889.2,952.0,1011.5,1068.1,1122.1,1173.8,1223.5,1271.4,1317.5,1362.1,1405.3,1447.2,1487.9,1527.4,1565.9,1603.3,1639.9,1675.5,1710.4,1744.4,1777.7,1810.3,1842.3,1873.6,1904.2,1934.3,1963.9,1992.9,2021.4,2077.0,2130.8,2157.1,2182.9,2233.5,2282.6,2330.4,2376.9,2422.3,2466.5,2509.7,2551.8,2593.1,2633.4,2672.9,2711.7,2749.6,2786.8,2823.3,2859.2,2894.4,2929.0,2963.0,2996.5,3029.4,3061.9,3093.8,3125.2,3156.2,3186.7,3216.8,3246.5,3275.7
2000,257.6,394.9,505.9,602.0,688.3,767.1,840.2,908.5,972.9,1033.9,1091.9,1147.3,1200.5,1251.5,1300.7,1348.1,1394.0,1438.4,1481.5,1523.4,1564.1,1603.7,1642.3,1679.9,1716.7,1752.6,1787.7,1822.0,1855.6,1888.5,1920.8,1952.5,1983.5,2014.0,2044.0,2073.4,2130.8,2186.3,2213.4,2240.2,2292.4,2343.1,2392.5,2440.6,2487.5,2533.2,2577.8,2621.4,2664.1,2705.8,2746.7,2786.7,2825.9,2864.4,2902.2,2939.3,2975.7,3011.5,3046.7,3081.4,3115.4,3149.0,3182.0,3214.5,3246.6,3278.2,3309.3,3340.0,3370.3
2050,260.1,398.7,510.8,608.0,695.1,774.9,848.7,917.9,983.0,1044.7,1103.5,1159.6,1213.4,1265.2,1315.0,1363.0,1409.5,1454.6,1498.3,1540.7,1581.9,1622.1,1661.3,1699.4,1736.7,1773.1,1808.7,1843.6,1877.7,1911.1,1943.9,1976.0,2007.6,2038.5,2068.9,2098.8,2157.1,2213.4,2241.0,2268.1,2321.2,2372.7,2422.9,2471.7,2519.3,2565.8,2611.1,2655.4,2698.8,2741.2,2782.7,2823.4,2863.3,2902.4,2940.8,2978.5,3015.5,3051.9,3087.7,3122.9,3157.6,3191.6,3225.2,3258.3,3290.8,3323.0,3354.6,3385.8,3416.6
2100,262.5,402.5,515.6,613.8,701.9,782.5,857.2,927.1,993.0,1055.5,1114.9,1171.7,1226.2,1278.6,1329.0,1377.7,1424.8,1470.5,1514.7,1557.7,1599.5,1640.3,1679.9,1718.7,1756.5,1793.4,1829.5,1864.8,1899.5,1933.4,1966.6,1999.2,2031.2,2062.6,2093.5,2123.8,2182.9,2240.2,2268.1,2295.6,2349.5,2401.9,2452.8,2502.4,2550.7,2597.9,2644.0,2689.0,2733.0,2776.1,2818.3,2859.6,2900.1,2939.9,2978.9,3017.2,3054.8,3091.8,3128.1,3163.9,3199.1,3233.7,3267.8,3301.4,3334.5,3367.2,3399.3,3431.1,3462.4
2200,267.2,409.8,525.1,625.2,715.1,797.4,873.7,945.2,1012.5,1076.4,1137.2,1195.4,1251.2,1304.8,1356.5,1406.4,1454.7,1501.5,1546.9,1591.0,1633.9,1675.7,1716.5,1756.2,1795.0,1833.0,1870.1,1906.4,1942.0,1976.8,2011.0,2044.5,2077.4,2109.7,2141.4,2172.6,2233.5,2292.4,2321.2,2349.5,2405.0,2458.9,2511.3,2562.4,2612.2,2660.8,2708.3,2754.6,2800.0,2844.4,2887.9,2930.5,2972.2,3013.2,3053.4,3092.9,3131.7,3169.9,3207.4,3244.2,3280.5,3316.2,3351.4,3386.1,3420.2,3453.9,3487.1,3519.8,3552.1
2300,271.7,416.8,534.3,636.3,727.9,811.9,889.7,962.7,1031.4,1096.7,1158.9,1218.3,1275.4,1330.2,1383.1,1434.2,1483.7,1531.6,1578.1,1623.3,1667.3,1710.1,1751.9,1792.6,1832.5,1871.4,1909.5,1946.7,1983.2,2019.0,2054.1,2088.5,2122.3,2155.5,2188.1,2220.1,2282.6,2343.1,2372.7,2401.9,2458.9,2514.3,2568.2,2620.7,2672.0,2722.0,2770.8,2818.5,2865.2,2910.9,2955.6,2999.5,3042.5,3084.7,3126.1,3166.7,3206.7,3245.9,3284.5,3322.5,3359.9,3396.7,3432.9,3468.6,3503.8,3538.4,3572.6,3606.3,3639.6
2400,276.1,423.7,543.2,647.1,740.4,825.9,905.3,979.7,1049.8,1116.4,1179.9,1240.6,1298.9,1354.9,1409.0,1461.2,1511.8,1560.8,1608.4,1654.6,1699.7,1743.5,1786.3,1828.0,1868.8,1908.7,1947.7,1985.9,2023.3,2060.0,2096.0,2131.3,2165.9,2199.9,2233.4,2266.3,2330.4,2392.5,2422.9,2452.8,2511.3,2568.2,2623.6,2677.6,2730.2,2781.5,2831.7,2880.7,2928.7,2975.7,3021.7,3066.7,3110.9,3154.3,3196.9,3238.7,3279.8,3320.1,3359.8,3398.9,3437.3,3475.2,3512.4,3549.1,3585.3,3620.9,3656.1,3690.8,3725.0
2500,280.5,430.4,552.0,657.6,752.5,839.6,920.4,996.2,1067.7,1135.6,1200.3,1262.3,1321.7,1379.0,1434.2,1487.5,1539.2,1589.2,1637.9,1685.2,1731.2,1776.0,1819.8,1862.5,1904.2,1945.0,1984.9,2024.0,2062.3,2099.9,2136.7,2172.9,2208.4,2243.2,2277.5,2311.2,2376.9,2440.6,2471.7,2502.4,2562.4,2620.7,2677.6,2732.9,2786.9,2839.6,2891.1,2941.4,2990.7,3038.9,3086.1,3132.3,3177.7,3222.3,3266.0,3308.9,3351.1,3392.5,3433.3,3473.4,3512.9,3551.8,3590.1,3627.8,3664.9,3701.6,3737.7,3773.3,3808.4
2600,284.7,437.0,560.4,667.8,764.4,852.9,935.2,1012.3,1085.1,1154.3,1220.3,1283.4,1344.0,1402.4,1458.7,1513.1,1565.8,1616.9,1666.6,1714.8,1761.9,1807.7,1852.4,1896.0,1938.7,1980.4,2021.2,2061.2,2100.4,2138.8,2176.4,2213.4,2249.7,2285.4,2320.5,2355.0,2422.3,2487.5,2519.3,2550.7,2612.2,2672.0,2730.2,2786.9,2842.2,2896.2,2949.0,3000.6,3051.1,3100.5,3148.9,3196.4,3242.9,3288.6,3333.4,3377.5,3420.8,3463.3,3505.1,3546.3,3586.8,3626.7,3665.9,3704.6,3742.8,3780.4,3817.4,3854.0,3890.0
2700,288.8,443.4,568.7,677.8,775.9,865.9,949.5,1028.0,1102.1,1172.5,1239.7,1304.0,1365.7,1425.2,1482.5,1538.0,1591.8,1643.9,1694.5,1743.8,1791.8,1838.5,1884.2,1928.7,1972.3,2014.9,2056.6,2097.4,2137.4,2176.7,2215.2,2253.0,2290.1,2326.6,2362.4,2397.7,2466.5,2533.2,2565.8,2597.9,2660.8,2722.0,2781.5,2839.6,2896.2,2951.5,3005.6,3058.4,3110.1,3160.7,3210.3,3259.0,3306.6,3353.4,3399.4,3444.5,3488.8,3532.4,3575.3,3617.5,3659.0,3699.9,3740.2,3779.8,3818.9,3857.4,3895.4,3932.9,3969.9
2800,292.8,449.6,576.8,687.5,787.1,878.6,963.6,1043.3,1118.7,1190.3,1258.6,1324.0,1386.9,1447.4,1505.8,1562.3,1617.1,1670.2,1721.8,1772.0,1820.9,1868.6,1915.2,1960.6,2005.0,2048.5,2091.0,2132.7,2173.6,2213.6,2253.0,2291.5,2329.5,2366.7,2403.3,2439.3,2509.7,2577.8,2611.1,2644.0,2708.3,2770.8,2831.7,2891.1,2949.0,3005.6,3060.9,3114.9,3167.8,3219.6,3270.4,3320.1,3368.9,3416.8,3463.9,3510.1,3555.5,3600.1,3644.0,3687.2,3729.7,3771.6,3812.8,3853.4,3893.4,3932.9,3971.8,4010.2,4048.1
2900,296.7,455.7,584.7,697.0,798.1,891.0,977.3,1058.3,1134.9,1207.6,1277.1,1343.6,1407.5,1469.1,1528.6,1586.1,1641.8,1695.9,1748.5,1799.6,1849.4,1898.0,1945.4,1991.7,2037.0,2081.3,2124.7,2167.2,2208.9,2249.8,2289.9,2329.2,2367.9,2405.9,2443.3,2480.1,2551.8,2621.4,2655.4,2689.0,2754.6,2818.5,2880.7,2941.4,3000.6,3058.4,3114.9,3170.2,3224.3,3277.2,3329.1,3380.0,3429.9,3478.9,3527.0,3574.2,3620.7,3666.3,3711.2,3755.4,3798.9,3841.7,3883.9,3925.5,3966.4,4006.8,4046.6,4085.9,4124.7
3000,300.6,461.6,592.4,706.3,808.9,903.1,990.7,1072.9,1150.7,1224.6,1295.1,1362.7,1427.7,1490.3,1550.8,1609.3,1666.0,1721.0,1774.5,1826.5,1877.3,1926.7,1975.0,2022.2,2068.3,2113.4,2157.6,2201.0,2243.4,2285.1,2325.9,2366.1,2405.5,2444.3,2482.4,2519.9,2593.1,2664.1,2698.8,2733.0,2800.0,2865.2,2928.7,2990.7,3051.1,3110.1,3167.8,3224.3,3279.5,3333.6,3386.6,3438.6,3489.6,3539.6,3588.8,3637.1,3684.5,3731.2,3777.1,3822.3,3866.7,3910.5,3953.6,3996.1,4038.0,4079.3,4120.0,4160.2,4199.8
3100,304.3,467.5,600.0,715.4,819.4,914.9,1003.8,1087.2,1166.1,1241.2,1312.8,1381.5,1447.5,1511.1,1572.5,1632.0,1689.6,1745.5,1799.9,1852.9,1904.5,1954.8,2003.9,2051.9,2098.9,2144.8,2189.8,2233.9,2277.2,2319.6,2361.2,2402.1,2442.3,2481.8,2520.6,2558.8,2633.4,2705.8,2741.2,2776.1,2844.4,2910.9,2975.7,3038.9,3100.5,3160.7,3219.6,3277.2,3333.6,3388.8,3442.9,3496.0,3548.1,3599.2,3649.3,3698.7,3747.1,3794.8,3841.6,3887.8,3933.2,3977.9,4022.0,4065.4,4108.1,4150.3,4191.9,4233.0,4273.5
3200,308.0,473.2,607.4,724.3,829.7,926.5,1016.6,1101.2,1181.3,1257.4,1330.1,1399.8,1466.8,1531.4,1593.8,1654.2,1712.7,1769.6,1824.9,1878.7,1931.1,1982.3,2032.2,2081.1,2128.8,2175.6,2221.4,2266.2,2310.2,2353.4,2395.8,2437.4,2478.3,2518.5,2558.1,2597.0,2672.9,2746.7,2782.7,2818.3,2887.9,2955.6,3021.7,3086.1,3148.9,3210.3,3270.4,3329.1,3386.6,3442.9,3498.1,3552.3,3605.4,3657.5,3708.7,3759.0,3808.5,3857.1,3905.0,3952.0,3998.4,4044.0,4089.0,4133.3,4177.0,4220.0,4262.5,4304.4,4345.8
3300,311.6,478.8,614.6,733.1,839.8,937.9,1029.2,1114.9,1196.1,1273.3,1347.0,1417.7,1485.7,1551.3,1614.6,1675.9,1735.4,1793.1,1849.2,1903.9,1957.2,2009.2,2060.0,2109.6,2158.1,2205.7,2252.2,2297.8,2342.6,2386.5,2429.6,2472.0,2513.6,2554.5,2594.7,2634.3,2711.7,2786.7,2823.4,2859.6,2930.5,2999.5,3066.7,3132.3,3196.4,3259.0,3320.1,3380.0,3438.6,3496.0,3552.3,3607.4,3661.6,3714.8,3767.0,3818.3,3868.7,3918.3,3967.1,4015.1,4062.4,4108.9,4154.8,4200.0,4244.5,4288.5,4331.8,4374.6,4416.7
3400,315.2,484.3,621.8,741.6,849.7,949.0,1041.5,1128.4,1210.6,1288.9,1363.6,1435.3,1504.3,1570.8,1635.0,1697.2,1757.5,1816.2,1873.2,1928.7,1982.8,2035.6,2087.1,2137.6,2186.9,2235.2,2282.5,2328.8,2374.3,2418.9,2462.8,2505.8,2548.1,2589.7,2630.7,2670.9,2749.6,2825.9,2863.3,2900.1,2972.2,3042.5,3110.9,3177.7,3242.9,3306.6,3368.9,3429.9,3489.6,3548.1,3605.4,3661.6,3716.8,3770.9,3824.1,3876.4,3927.8,3978.3,4028.1,4077.0,4125.2,4172.7,4219.4,4265.5,4310.9,4355.7,4399.9,4443.5,4486.5
3500,318.6,489.7,628.7,750.0,859.4,959.9,1053.6,1141.6,1224.9,1304.1,1379.9,1452.6,1522.5,1589.9,1655.0,1718.1,1779.3,1838.8,1896.6,1952.9,2007.8,2061.4,2113.8,2165.0,2215.0,2264.1,2312.1,2359.2,2405.4,2450.8,2495.3,2539.0,2582.0,2624.3,2665.9,2706.8,2786.8,2864.4,2902.4,2939.9,3013.2,3084.7,3154.3,3222.3,3288.6,3353.4,3416.8,3478.9,3539.6,3599.2,3657.5,3714.8,3770.9,3826.1,3880.3,3933.5,3985.8,4037.3,4088.0,4137.8,4186.9,4235.3,4282.9,4329.8,4376.1,4421.7,4466.8,4511.2,4555.0
3600,322.0,495.0,635.6,758.3,868.9,970.7,1065.4,1154.5,1238.9,1319.1,1395.9,1469.5,1540.3,1608.6,1674.6,1738.6,1800.6,1860.9,1919.6,1976.7,2032.4,2086.8,2139.9,2191.8,2242.7,2292.4,2341.2,2389.0,2435.9,2482.0,2527.2,2571.6,2615.3,2658.2,2700.5,2742.1,2823.3,2902.2,2940.8,2978.9,3053.4,3126.1,3196.9,3266.0,3333.4,3399.4,3463.9,3527.0,3588.8,3649.3,3708.7,3767.0,3824.1,3880.3,3935.4,3989.6,4042.9,4095.3,4146.8,4197.6,4247.6,4296.8,4345.3,4393.1,4440.2,4486.7,4532.5,4577.7,4622.4
3700,325.4,500.2,642.3,766.4,878.3,981.2,1077.1,1167.2,1252.6,1333.9,1411.6,1486.1,1557.8,1627.0,1693.9,1758.7,1821.6,1882.7,1942.2,2000.1,2056.6,2111.7,2165.6,2218.2,2269.8,2320.3,2369.8,2418.3,2465.9,2512.6,2558.5,2603.6,2647.9,2691.5,2734.4,2776.7,2859.2,2939.3,2978.5,3017.2,3092.9,3166.7,3238.7,3308.9,3377.5,3444.5,3510.1,3574.2,3637.1,3698.7,3759.0,3818.3,3876.4,3933.5,3989.6,4044.7,4098.9,4152.2,4204.7,4256.3,4307.2,4357.3,4406.6,4455.3,4503.2,4550.5,4597.2,4643.2,4688.6
3800,328.7,505.3,649.0,774.3,887.5,991.5,1088.5,1179.7,1266.1,1348.3,1427.0,1502.4,1575.0,1645.1,1712.8,1778.5,1842.2,1904.1,1964.3,2023.0,2080.3,2136.1,2190.8,2244.2,2296.4,2347.6,2397.8,2447.0,2495.3,2542.7,2589.3,2635.0,2680.0,2724.3,2767.8,2810.6,2894.4,2975.7,3015.5,3054.8,3131.7,3206.7,3279.8,3351.1,3420.8,3488.8,3555.5,3620.7,3684.5,3747.1,3808.5,3868.7,3927.8,3985.8,4042.9,4098.9,4154.0,4208.2,4261.6,4314.1,4365.8,4416.8,4467.0,4516.4,4565.2,4613.3,4660.8,4707.6,4753.8
3900,331.9,510.3,655.5,782.2,896.5,1001.7,1099.8,1192.0,1279.4,1362.5,1442.1,1518.4,1591.9,1662.9,1731.4,1797.9,1862.4,1925.1,1986.1,2045.5,2103.5,2160.2,2215.5,2269.6,2322.6,2374.5,2425.4,2475.3,2524.2,2572.3,2619.5,2665.9,2711.5,2756.4,2800.6,2844.0,2929.0,3011.5,3051.9,3091.8,3169.9,3245.9,3320.1,3392.5,3463.3,3532.4,3600.1,3666.3,3731.2,3794.8,3857.1,3918.3,3978.3,4037.3,4095.3,4152.2,4208.2,4263.3,4317.6,4371.0,4423.5,4475.3,4526.3,4576.6,4626.2,4675.1,4723.4,4771.0,4818.0
4000,335.1,515.3,661.9,789.9,905.4,1011.7,1110.8,1204.1,1292.4,1376.5,1457.0,1534.2,1608.6,1680.3,1749.7,1817.0,1882.3,1945.7,2007.5,2067.7,2126.4,2183.8,2239.8,2294.7,2348.3,2400.9,2452.5,2503.0,2552.6,2601.3,2649.2,2696.2,2742.5,2788.0,2832.8,2876.9,2963.0,3046.7,3087.7,3128.1,3207.4,3284.5,3359.8,3433.3,3505.1,3575.3,3644.0,3711.2,3777.1,3841.6,3905.0,3967.1,4028.1,4088.0,4146.8,4204.7,4261.6,4317.6,4372.7,4426.9,4480.3,4532.9,4584.8,4635.9,4686.3,4736.0,4785.0,4833.4,4881.2
4100,338.3,520.1,668.2,797.5,914.2,1021.6,1121.7,1216.0,1305.2,1390.3,1471.6,1549.7,1624.9,1697.5,1767.7,1835.8,1901.8,1966.0,2028.6,2089.5,2148.9,2207.0,2263.8,2319.3,2373.6,2426.9,2479.1,2530.3,2580.6,2629.9,2678.4,2726.1,2773.0,2819.1,2864.5,2909.1,2996.5,3081.4,3122.9,3163.9,3244.2,3322.5,3398.9,3473.4,3546.3,3617.5,3687.2,3755.4,3822.3,3887.8,3952.0,4015.1,4077.0,4137.8,4197.6,4256.3,4314.1,4371.0,4426.9,4482.0,4536.2,4589.7,4642.3,4694.3,4745.4,4795.9,4845.8,4894.9,4943.4
4200,341.4,524.9,674.4,804.9,922.8,1031.3,1132.4,1227.6,1317.9,1403.8,1486.0,1565.0,1641.0,1714.4,1785.4,1854.2,1921.0,1986.0,2049.3,2110.9,2171.1,2229.8,2287.3,2343.5,2398.5,2452.4,2505.3,2557.2,2608.1,2658.0,2707.2,2755.4,2802.9,2849.7,2895.6,2940.9,3029.4,3115.4,3157.6,3199.1,3280.5,3359.9,3437.3,3512.9,3586.8,3659.0,3729.7,3798.9,3866.7,3933.2,3998.4,4062.4,4125.2,4186.9,4247.6,4307.2,4365.8,4423.5,4480.3,4536.2,4591.3,4645.6,4699.0,4751.7,4803.7,4855.0,4905.6,4955.5,5004.8
4300,344.4,529.7,680.5,812.3,931.3,1040.8,1143.0,1239.2,1330.3,1417.1,1500.2,1580.0,1656.8,1731.0,1802.8,1872.4,1940.0,2005.7,2069.7,2132.0,2192.9,2252.3,2310.5,2367.3,2423.0,2477.6,2531.1,2583.6,2635.1,2685.7,2735.5,2784.3,2832.4,2879.7,2926.3,2972.2,3061.9,3149.0,3191.6,3233.7,3316.2,3396.7,3475.2,3551.8,3626.7,3699.9,3771.6,3841.7,3910.5,3977.9,4044.0,4108.9,4172.7,4235.3,4296.8,4357.3,4416.8,4475.3,4532.9,4589.7,4645.6,4700.6,4754.9,4808.4,4861.1,4913.2,4964.5,5015.2,5065.2
4400,347.4,534.3,686.5,819.5,939.6,1050.2,1153.4,1250.5,1342.5,1430.2,1514.2,1594.8,1672.4,1747.4,1820.0,1890.3,1958.6,2025.0,2089.7,2152.8,2214.3,2274.5,2333.3,2390.8,2447.1,2502.3,2556.5,2609.6,2661.8,2713.0,2763.3,2812.8,2861.5,2909.4,2956.5,3003.0,3093.8,3182.0,3225.2,3267.8,3351.4,3432.9,3512.4,3590.1,3665.9,3740.2,3812.8,3883.9,3953.6,4022.0,4089.0,4154.8,4219.4,4282.9,4345.3,4406.6,4467.0,4526.3,4584.8,4642.3,4699.0,4754.9,4809.9,4864.2,4917.7,4970.5,5022.6,5074.0,5124.8
4500,350.4,538.9,692.5,826.6,947.9,1059.5,1163.6,1261.7,1354.6,1443.2,1527.9,1609.4,1687.8,1763.5,1836.9,1907.9,1977.0,2044.1,2109.5,2173.3,2235.5,2296.3,2355.7,2413.9,2470.9,2526.7,2581.5,2635.2,2688.0,2739.8,2790.7,2840.8,2890.1,2938.6,2986.3,3033.3,3125.2,3214.5,3258.3,3301.4,3386.1,3468.6,3549.1,3627.8,3704.6,3779.8,3853.4,3925.5,3996.1,4065.4,4133.3,4200.0,4265.5,4329.8,4393.1,4455.3,4516.4,4576.6,4635.9,4694.3,4751.7,4808.4,4864.2,4919.2,4973.5,5027.1,5079.9,5132.1,5183.5
4600,353.3,543.4,698.3,833.7,956.0,1068.6,1173.7,1272.7,1366.5,1455.9,1541.5,1623.7,1702.9,1779.4,1853.5,1925.3,1995.1,2062.9,2129.0,2193.4,2256.3,2317.8,2377.9,2436.7,2494.3,2550.8,2606.1,2660.5,2713.8,2766.3,2817.8,2868.4,2918.3,2967.3,3015.6,3063.1,3156.2,3246.6,3290.8,3334.5,3420.2,3503.8,3585.3,3664.9,3742.8,3818.9,3893.4,3966.4,4038.0,4108.1,4177.0,4244.5,4310.9,4376.1,4440.2,4503.2,4565.2,4626.2,4686.3,4745.4,4803.7,4861.1,4917.7,4973.5,5028.6,5082.9,5136.4,5189.3,5241.5
4700,356.2,547.9,704.1,840.6,964.0,1077.6,1183.7,1283.5,1378.2,1468.5,1554.9,1637.9,1717.9,1795.1,1869.9,1942.4,2012.9,2081.4,2148.2,2213.3,2276.8,2338.9,2399.7,2459.1,2517.4,2574.4,2630.4,2685.4,2739.3,2792.3,2844.4,2895.6,2946.0,2995.6,3044.5,3092.6,3186.7,3278.2,3323.0,3367.2,3453.9,3538.4,3620.9,3701.6,3780.4,3857.4,3932.9,4006.8,4079.3,4150.3,4220.0,4288.5,4355.7,4421.7,4486.7,4550.5,4613.3,4675.1,4736.0,4795.9,4855.0,4913.2,4970.5,5027.1,5082.9,5137.9,5192.2,5245.8,5298.7
4800,359.0,552.3,709.8,847.5,971.9,1086.5,1193.5,1294.2,1389.8,1480.8,1568.0,1651.8,1732.6,1810.6,1886.1,1959.3,2030.5,2099.7,2167.1,2232.9,2297.1,2359.8,2421.2,2481.2,2540.1,2597.8,2654.4,2709.9,2764.4,2818.0,2870.7,2922.5,2973.4,3023.6,3073.0,3121.6,3216.8,3309.3,3354.6,3399.3,3487.1,3572.6,3656.1,3737.7,3817.4,3895.4,3971.8,4046.6,4120.0,4191.9,4262.5,4331.8,4399.9,4466.8,4532.5,4597.2,4660.8,4723.4,4785.0,4845.8,4905.6,4964.5,5022.6,5079.9,5136.4,5192.2,5247.2,5301.5,5355.1
4900,361.8,556.6,715.4,854.2,979.7,1095.3,1203.1,1304.8,1401.2,1493.0,1581.0,1665.6,1747.1,1825.8,1902.0,1976.0,2047.8,2117.7,2185.8,2252.2,2317.0,2380.4,2442.4,2503.1,2562.5,2620.8,2678.0,2734.1,2789.2,2843.3,2896.6,2948.9,3000.4,3051.1,3101.1,3150.2,3246.5,3340.0,3385.8,3431.1,3519.8,3606.3,3690.8,3773.3,3854.0,3932.9,4010.2,4085.9,4160.2,4233.0,4304.4,4374.6,4443.5,4511.2,4577.7,4643.2,4707.6,4771.0,4833.4,4894.9,4955.5,5015.2,5074.0,5132.1,5189.3,5245.8,5301.5,5356.5,5410.8
5000,364.6,560.9,720.9,860.9,987.4,1103.9,1212.7,1315.2,1412.4,1505.1,1593.9,1679.2,1761.4,1840.8,1917.8,1992.4,2064.9,2135.4,2204.2,2271.2,2336.7,2400.7,2463.3,2524.6,2584.6,2643.5,2701.2,2757.9,2813.6,2868.3,2922.1,2975.0,3027.1,3078.3,3128.8,3178.5,3275.7,3370.3,3416.6,3462.4,3552.1,3639.6,3725.0,3808.4,3890.0,3969.9,4048.1,4124.7,4199.8,4273.5,4345.8,4416.7,4486.5,4555.0,4622.4,4688.6,4753.8,4818.0,4881.2,4943.4,5004.8,5065.2,5124.8,5183.5,5241.5,5298.7,5355.1,5410.8,5465.8
